inherited FrmMPST030_Nosplit: TFrmMPST030_Nosplit
  Width = 450
  Height = 200
  Caption = #26597#35426
  PixelsPerInch = 96
  TextHeight = 13
  object Label1: TLabel [0]
    Left = 107
    Top = 47
    Width = 32
    Height = 13
    Alignment = taRightJustify
    Caption = 'Label1'
  end
  object Label2: TLabel [1]
    Left = 107
    Top = 77
    Width = 32
    Height = 13
    Alignment = taRightJustify
    Caption = 'Label4'
  end
  inherited PnlRight: TPanel
    Left = 324
    Height = 162
    TabOrder = 2
  end
  object Dtp1: TDateTimePicker [3]
    Left = 141
    Top = 44
    Width = 100
    Height = 21
    Hint = #35330#21934#26085#26399'('#36215')'
    Date = 42429.370626250000000000
    Time = 42429.370626250000000000
    TabOrder = 0
  end
  object Dtp2: TDateTimePicker [4]
    Left = 142
    Top = 74
    Width = 100
    Height = 21
    Hint = #35330#21934#26085#26399'('#36804')'
    Date = 42429.370663425930000000
    Time = 42429.370663425930000000
    TabOrder = 1
  end
end
