inherited FrmUpdateRemainOrdqty: TFrmUpdateRemainOrdqty
  Width = 490
  Height = 200
  Caption = #26410#20132#25976#37327#26356#26032
  PixelsPerInch = 96
  TextHeight = 13
  object Label1: TLabel [0]
    Left = 112
    Top = 48
    Width = 32
    Height = 13
    Alignment = taRightJustify
    Caption = 'Label1'
  end
  object Label2: TLabel [1]
    Left = 112
    Top = 83
    Width = 32
    Height = 13
    Alignment = taRightJustify
    Caption = 'Label2'
  end
  inherited PnlRight: TPanel
    Left = 364
    Height = 162
    TabOrder = 2
  end
  object dtp1: TDateTimePicker [3]
    Left = 148
    Top = 45
    Width = 120
    Height = 21
    Date = 43102.000000000000000000
    Time = 43102.000000000000000000
    TabOrder = 0
  end
  object dtp2: TDateTimePicker [4]
    Left = 148
    Top = 80
    Width = 120
    Height = 21
    Date = 43102.000000000000000000
    Time = 43102.000000000000000000
    TabOrder = 1
  end
end
