inherited FrmMPST060_qy: TFrmMPST060_qy
  Width = 480
  Height = 200
  Caption = #36984#25799#29983#29986#26085#26399#36914#34892#21462#27171#35336#31639
  PixelsPerInch = 96
  TextHeight = 13
  object lblsdate: TLabel [0]
    Left = 106
    Top = 61
    Width = 36
    Height = 13
    Alignment = taRightJustify
    Caption = 'lblsdate'
  end
  inherited PnlRight: TPanel
    Left = 354
    Height = 162
    TabOrder = 1
  end
  object Dtp: TDateTimePicker [2]
    Left = 150
    Top = 58
    Width = 100
    Height = 21
    Date = 42548.000000000000000000
    Time = 42548.000000000000000000
    TabOrder = 0
  end
end
