inherited FrmMPSR090_CallDate2: TFrmMPSR090_CallDate2
  Width = 550
  Height = 180
  Caption = #19968#20581#26356#25913'Call'#36008#26085#26399
  PixelsPerInch = 96
  TextHeight = 13
  object Label1: TLabel [0]
    Left = 88
    Top = 43
    Width = 32
    Height = 13
    Alignment = taRightJustify
    Caption = 'Label1'
  end
  object Label2: TLabel [1]
    Left = 88
    Top = 73
    Width = 32
    Height = 13
    Alignment = taRightJustify
    Caption = 'Label2'
  end
  inherited PnlRight: TPanel
    Left = 424
    Height = 141
    TabOrder = 2
  end
  object Edit1: TEdit [3]
    Left = 124
    Top = 70
    Width = 209
    Height = 21
    TabOrder = 0
  end
  object Dtp: TDateTimePicker [4]
    Left = 124
    Top = 40
    Width = 100
    Height = 21
    Date = 42635.000000000000000000
    Time = 42635.000000000000000000
    TabOrder = 1
  end
end
