inherited FrmMPST070_SwapSdate: TFrmMPST070_SwapSdate
  Width = 460
  Height = 240
  Caption = #23565#25563#29983#29986#26085#26399
  PixelsPerInch = 96
  TextHeight = 13
  object Label1: TLabel [0]
    Left = 90
    Top = 48
    Width = 32
    Height = 13
    Alignment = taRightJustify
    Caption = 'Label1'
  end
  object Label3: TLabel [1]
    Left = 154
    Top = 80
    Width = 26
    Height = 13
    Caption = #8593#8595
  end
  object Label2: TLabel [2]
    Left = 90
    Top = 119
    Width = 32
    Height = 13
    Alignment = taRightJustify
    Caption = 'Label1'
  end
  inherited PnlRight: TPanel
    Left = 334
    Height = 201
    TabOrder = 2
  end
  object Dtp1: TDateTimePicker [4]
    Left = 122
    Top = 44
    Width = 100
    Height = 21
    Date = 42702.000000000000000000
    Time = 42702.000000000000000000
    TabOrder = 0
  end
  object Dtp2: TDateTimePicker [5]
    Left = 124
    Top = 115
    Width = 100
    Height = 21
    Date = 42702.000000000000000000
    Time = 42702.000000000000000000
    TabOrder = 1
  end
end
