inherited FrmMPSR220_query: TFrmMPSR220_query
  Width = 570
  Height = 232
  Caption = #26597#35426
  PixelsPerInch = 96
  TextHeight = 13
  object Label1: TLabel [0]
    Left = 140
    Top = 59
    Width = 32
    Height = 13
    Alignment = taRightJustify
    Caption = 'Label1'
  end
  object Label2: TLabel [1]
    Left = 140
    Top = 99
    Width = 32
    Height = 13
    Alignment = taRightJustify
    Caption = 'Label1'
  end
  inherited PnlRight: TPanel
    Left = 444
    Height = 193
  end
  object dtp1: TDateTimePicker [3]
    Left = 175
    Top = 55
    Width = 120
    Height = 21
    Date = 43970.000000000000000000
    Time = 43970.000000000000000000
    TabOrder = 1
  end
  object dtp2: TDateTimePicker [4]
    Left = 175
    Top = 95
    Width = 120
    Height = 21
    Date = 43970.000000000000000000
    Time = 43970.000000000000000000
    TabOrder = 2
  end
end
