inherited FrmDLIR230_query: TFrmDLIR230_query
  Left = 693
  Top = 225
  Width = 480
  Height = 240
  Caption = #26597#35426
  PixelsPerInch = 96
  TextHeight = 13
  object Label1: TLabel [0]
    Left = 62
    Top = 52
    Width = 32
    Height = 13
    Alignment = taRightJustify
    Caption = 'Label1'
  end
  object lblto: TLabel [1]
    Tag = 1
    Left = 195
    Top = 52
    Width = 21
    Height = 13
    Caption = 'lblto'
  end
  inherited PnlRight: TPanel
    Left = 362
    Height = 213
    TabOrder = 2
  end
  object dtp1: TDateTimePicker [3]
    Left = 96
    Top = 48
    Width = 90
    Height = 21
    Date = 43713.000000000000000000
    Time = 43713.000000000000000000
    TabOrder = 0
  end
  object dtp2: TDateTimePicker [4]
    Left = 216
    Top = 48
    Width = 90
    Height = 21
    Date = 43713.000000000000000000
    Time = 43713.000000000000000000
    TabOrder = 1
  end
  object rgp: TRadioGroup [5]
    Left = 48
    Top = 88
    Width = 289
    Height = 40
    Columns = 3
    ItemIndex = 0
    Items.Strings = (
      '0'
      '1'
      '2')
    TabOrder = 3
  end
end
