inherited FrmDLIR180_query: TFrmDLIR180_query
  Width = 500
  Height = 260
  Caption = #26597#35426
  PixelsPerInch = 96
  TextHeight = 13
  object Label1: TLabel [0]
    Left = 108
    Top = 33
    Width = 32
    Height = 13
    Alignment = taRightJustify
    Caption = 'Label1'
  end
  object Label2: TLabel [1]
    Left = 108
    Top = 73
    Width = 32
    Height = 13
    Alignment = taRightJustify
    Caption = 'Label1'
  end
  inherited PnlRight: TPanel
    Left = 374
    Height = 222
    TabOrder = 3
  end
  object rgp2: TRadioGroup [3]
    Left = 80
    Top = 120
    Width = 240
    Height = 42
    Columns = 2
    ItemIndex = 0
    Items.Strings = (
      'ITEQDG'
      'ITEQGZ')
    TabOrder = 2
  end
  object dtp1: TDateTimePicker [4]
    Left = 145
    Top = 30
    Width = 100
    Height = 21
    Date = 43238.000000000000000000
    Time = 43238.000000000000000000
    TabOrder = 0
  end
  object dtp2: TDateTimePicker [5]
    Left = 145
    Top = 70
    Width = 100
    Height = 21
    Date = 43238.000000000000000000
    Time = 43238.000000000000000000
    TabOrder = 1
  end
end
