inherited FrmDLIR170_Query: TFrmDLIR170_Query
  Left = 202
  Top = 129
  Width = 560
  Height = 250
  Caption = #26597#35426
  PixelsPerInch = 96
  TextHeight = 13
  object Label1: TLabel [0]
    Left = 96
    Top = 53
    Width = 32
    Height = 13
    Alignment = taRightJustify
    Caption = 'Label1'
  end
  object Label2: TLabel [1]
    Left = 232
    Top = 53
    Width = 32
    Height = 13
    Alignment = taRightJustify
    Caption = 'Label1'
  end
  inherited PnlRight: TPanel
    Left = 434
    Height = 212
    TabOrder = 3
  end
  object rgp: TRadioGroup [3]
    Left = 132
    Top = 100
    Width = 233
    Height = 50
    Columns = 3
    ItemIndex = 0
    Items.Strings = (
      'ITEQDG'
      'ITEQGZ'
      'ITEQHJ')
    TabOrder = 2
  end
  object dtp1: TDateTimePicker [4]
    Left = 132
    Top = 50
    Width = 90
    Height = 21
    Date = 43229.000000000000000000
    Time = 43229.000000000000000000
    TabOrder = 0
  end
  object dtp2: TDateTimePicker [5]
    Left = 272
    Top = 50
    Width = 90
    Height = 21
    Date = 43229.000000000000000000
    Time = 43229.000000000000000000
    TabOrder = 1
  end
end
