inherited FrmDLIR200_Query: TFrmDLIR200_Query
  Width = 460
  Height = 181
  Caption = #26597#35426
  PixelsPerInch = 96
  TextHeight = 13
  object Label1: TLabel [0]
    Left = 108
    Top = 28
    Width = 32
    Height = 13
    Alignment = taRightJustify
    Caption = 'Label1'
  end
  object Label2: TLabel [1]
    Left = 108
    Top = 56
    Width = 32
    Height = 13
    Alignment = taRightJustify
    Caption = 'Label2'
  end
  inherited PnlRight: TPanel
    Left = 334
    Height = 142
    TabOrder = 2
  end
  object Dtp1: TDateTimePicker [3]
    Left = 144
    Top = 24
    Width = 100
    Height = 21
    Date = 42284.000000000000000000
    Time = 42284.000000000000000000
    TabOrder = 0
  end
  object Dtp2: TDateTimePicker [4]
    Left = 144
    Top = 52
    Width = 100
    Height = 21
    Date = 42284.000000000000000000
    Time = 42284.000000000000000000
    TabOrder = 1
  end
end
