inherited FrmDLIR130_Query: TFrmDLIR130_Query
  Width = 460
  Height = 180
  Caption = #26597#35426
  PixelsPerInch = 96
  TextHeight = 13
  object Label1: TLabel [0]
    Left = 118
    Top = 60
    Width = 32
    Height = 13
    Alignment = taRightJustify
    Caption = 'Label1'
  end
  inherited PnlRight: TPanel
    Left = 334
    Height = 142
    TabOrder = 1
  end
  object Dtp1: TDateTimePicker [2]
    Left = 150
    Top = 57
    Width = 90
    Height = 21
    Date = 42972.000000000000000000
    Time = 42972.000000000000000000
    TabOrder = 0
  end
end
